16
Mohave
Coconino
Navajo
Apache
Greenlee
Cochise
Santa Cruz
Pima
Pinal
Graham
Gila
Yavapai
La Paz
Yuma
Maricopa
Oakland
0 1 14 0 11 14 0 12 9
1 0 14 1 2 9 1 10 17 1 11 9
2 1 9 2 3 5 2 9 20 2 10 13
3 2 5 3 4 17 3 9 19
4 3 17 4 5 16 4 9 4
5 4 16 5 6 8 5 7 9 5 9 12
6 5 8 6 7 6
7 5 9 7 6 6 7 8 7 7 9 12 7 13 23 7 14 10
8 7 7 8 9 13 8 10 5 8 14 6
9 2 20 9 3 19 9 4 4 9 5 12 9 7 12 9 8 13 9 10 7
10 1 17 10 2 13 10 8 5 10 9 7 10 11 18 10 14 8
11 0 14 11 1 9 11 10 18 11 12 15 11 14 9
12 0 9 12 11 15 12 13 11 12 14 15
13 7 23 13 12 11 13 14 18
14 7 10 14 8 6 14 10 8 14 11 9 14 12 15 14 13 18